10.622604 0.875495 0.763836 1.227329 1.121939 0.768717 0.859348 0.417397 1.209605 1.369873
0.875495 11.481094 1.678336 0.629343 1.025624 1.037071 0.331830 1.719720 0.484982 1.595561
0.763836 1.678336 11.851456 1.011448 1.817206 1.456006 0.996609 0.709665 1.558986 0.690461
1.227329 0.629343 1.011448 11.662793 0.597863 0.612468 1.293098 0.934485 1.572059 0.842211
1.121939 1.025624 1.817206 0.597863 11.803960 1.025427 0.173470 1.182510 0.270591 1.637635
0.768717 1.037071 1.456006 0.612468 1.025427 10.463643 1.463232 0.798772 1.252936 0.591586
0.859348 0.331830 0.996609 1.293098 0.173470 1.463232 10.276463 0.723673 0.608920 0.438392
0.417397 1.719720 0.709665 0.934485 1.182510 0.798772 0.723673 10.301752 1.211166 1.497714
1.209605 0.484982 1.558986 1.572059 0.270591 1.252936 0.608920 1.211166 11.923464 1.019590
1.369873 1.595561 0.690461 0.842211 1.637635 0.591586 0.438392 1.497714 1.019590 11.910803
