10.235641 0.847288 0.941195 1.485738 1.137140 0.810658 1.538559 0.769007 0.316423 0.995169
0.847288 11.087343 1.118484 1.212358 0.633204 1.700140 0.601230 1.101301 1.672546 0.763521
0.941195 1.118484 10.855180 0.515892 0.689630 0.762409 0.680551 1.532408 1.310182 0.613345
1.485738 1.212358 0.515892 11.620458 0.338666 0.954210 1.097764 1.718898 1.316200 1.352270
1.137140 0.633204 0.689630 0.338666 11.485413 0.704285 1.226262 0.259328 1.181148 1.320247
0.810658 1.700140 0.762409 0.954210 0.704285 11.954252 0.657240 1.142325 1.500049 1.251302
1.538559 0.601230 0.680551 1.097764 1.226262 0.657240 10.877319 1.530312 0.949636 0.729964
0.769007 1.101301 1.532408 1.718898 0.259328 1.142325 1.530312 11.867765 1.117309 0.966743
0.316423 1.672546 1.310182 1.316200 1.181148 1.500049 0.949636 1.117309 11.609361 1.226924
0.995169 0.763521 0.613345 1.352270 1.320247 1.251302 0.729964 0.966743 1.226924 10.032098
