10.564438 1.149691 0.678232 0.647350 0.748169 1.248145 0.867354 0.342764 0.316858 0.474386
1.149691 10.472597 0.500002 1.061692 1.881524 0.898126 1.694899 0.226446 0.886890 0.811597
0.678232 0.500002 11.700759 0.489354 1.905248 0.263498 1.487839 1.260479 1.093102 1.189956
0.647350 1.061692 0.489354 10.276926 1.652709 0.942711 1.101324 0.724417 0.054644 0.884882
0.748169 1.881524 1.905248 1.652709 10.947180 1.181807 1.223680 0.723233 1.756195 1.285914
1.248145 0.898126 0.263498 0.942711 1.181807 10.327962 1.662509 1.640373 0.703330 1.233681
0.867354 1.694899 1.487839 1.101324 1.223680 1.662509 11.359224 0.702242 0.613644 1.576504
0.342764 0.226446 1.260479 0.724417 0.723233 1.640373 0.702242 10.952025 0.752557 1.151347
0.316858 0.886890 1.093102 0.054644 1.756195 0.703330 0.613644 0.752557 11.848659 0.708077
0.474386 0.811597 1.189956 0.884882 1.285914 1.233681 1.576504 1.151347 0.708077 10.155366
