10.138128 0.885182 1.349289 0.104511 1.659153 1.025709 1.450802 1.184232 0.945772 1.271696
0.885182 11.008755 1.106081 0.906213 0.964232 1.128110 0.893611 0.959457 0.640683 1.425446
1.349289 1.106081 10.200203 0.556297 1.109583 1.187683 1.437387 0.857235 1.296063 0.602364
0.104511 0.906213 0.556297 11.333151 1.843459 0.668380 1.644964 0.872831 0.753714 0.865513
1.659153 0.964232 1.109583 1.843459 11.381136 0.947518 0.715409 1.216834 0.625555 0.825136
1.025709 1.128110 1.187683 0.668380 0.947518 10.816103 1.205354 0.670928 1.726222 0.792258
1.450802 0.893611 1.437387 1.644964 0.715409 1.205354 11.396866 1.000692 1.412851 0.932262
1.184232 0.959457 0.857235 0.872831 1.216834 0.670928 1.000692 11.820928 0.910482 0.813756
0.945772 0.640683 1.296063 0.753714 0.625555 1.726222 1.412851 0.910482 10.231175 0.455602
1.271696 1.425446 0.602364 0.865513 0.825136 0.792258 0.932262 0.813756 0.455602 11.486588
