11.246994 0.748547 1.680503 0.783790 0.874561 0.359029 0.577707 0.956290 1.473697 1.548474
0.748547 11.822782 0.589333 0.893202 0.111669 1.449253 0.598884 0.821704 0.681107 0.474818
1.680503 0.589333 10.511846 1.005142 0.724265 1.211026 0.510443 0.621054 0.236325 0.763722
0.783790 0.893202 1.005142 11.431045 1.158422 0.862526 0.363418 0.706997 1.150613 0.448695
0.874561 0.111669 0.724265 1.158422 11.006567 1.416095 0.974458 1.097128 0.819706 1.067877
0.359029 1.449253 1.211026 0.862526 1.416095 11.672527 0.715462 0.987945 0.522909 0.954927
0.577707 0.598884 0.510443 0.363418 0.974458 0.715462 10.252273 1.568709 0.850330 1.367227
0.956290 0.821704 0.621054 0.706997 1.097128 0.987945 1.568709 11.472796 1.067259 1.078461
1.473697 0.681107 0.236325 1.150613 0.819706 0.522909 0.850330 1.067259 10.416257 1.113359
1.548474 0.474818 0.763722 0.448695 1.067877 0.954927 1.367227 1.078461 1.113359 10.848162
